Source: pico-datasheet.pdf
Page: 26
----------------------------------------
Label           | Confidence | BBox (x,y,w,h)
----------------------------------------
1               | 0.74       | (4118, 3175, 5, 12)
Q               | 0.61       | (2604, 3175, 8, 12)
4               | 0.84       | (1847, 3175, 9, 12)
U               | 0.65       | (3858, 3155, 9, 11)
OI              | 0.73       | (4310, 3152, 18, 14)
OOI             | 0.64       | (4150, 3152, 29, 14)
LJ              | 0.65       | (3755, 3152, 19, 14)
IO              | 0.66       | (3688, 3152, 17, 14)
L               | 0.63       | (4381, 3152, 6, 14)
L               | 0.65       | (4242, 3152, 6, 14)
O               | 0.62       | (3915, 3152, 11, 14)
3               | 0.64       | (4449, 3104, 11, 16)
UL              | 0.65       | (3863, 3104, 39, 16)
3               | 0.62       | (3722, 3104, 11, 16)
O               | 0.66       | (4420, 3087, 11, 12)
OI              | 0.66       | (3792, 3082, 18, 15)
O               | 0.70       | (2716, 3045, 6, 8)
D               | 0.74       | (2600, 3045, 7, 8)
U               | 0.69       | (4392, 3039, 15, 11)
JUIV            | 0.64       | (4287, 3035, 81, 16)
ULO             | 0.70       | (3834, 3035, 64, 16)
X1D             | 0.76       | (2682, 3014, 31, 38)
X4OB            | 0.70       | (2566, 3014, 40, 38)
FPI             | 0.65       | (4187, 3016, 43, 12)
II              | 0.66       | (3679, 3013, 22, 15)
OUQ             | 0.61       | (2711, 2949, 34, 34)
Q               | 0.60       | (2619, 2968, 10, 15)
O               | 0.63       | (4386, 2961, 16, 17)
I               | 0.61       | (4299, 2961, 16, 17)
WF              | 0.65       | (4143, 2961, 88, 17)
1               | 0.65       | (2684, 2945, 6, 15)
4               | 0.62       | (2568, 2945, 6, 15)
I               | 0.69       | (4021, 2938, 5, 21)
F               | 0.60       | (3940, 2938, 12, 21)
O               | 0.69       | (2582, 2922, 10, 15)
F               | 0.62       | (4273, 2910, 11, 20)
OILIOICIII      | 0.66       | (1882, 2806, 88, 80)
IUI             | 0.65       | (1846, 2868, 51, 19)
OILL            | 0.65       | (1809, 2842, 52, 45)
O               | 0.70       | (1773, 2872, 16, 20)
OIOIIOIV        | 0.65       | (1592, 2842, 107, 50)
I               | 0.63       | (1539, 2872, 13, 14)
ICOII           | 0.66       | (1429, 2837, 70, 55)
IL              | 0.63       | (1284, 2872, 33, 15)
LLOIIIII        | 0.65       | (2136, 2808, 69, 84)
CLLVIN          | 0.66       | (2081, 2806, 51, 80)
IQ              | 0.63       | (1737, 2838, 16, 49)
IULVOIO         | 0.65       | (1338, 2808, 52, 79)
LLULIILO        | 0.65       | (1992, 2808, 69, 79)
OI              | 0.64       | (1520, 2842, 33, 20)
OLIIL           | 0.66       | (1410, 2812, 53, 44)
V               | 0.66       | (4501, 2840, 11, 12)
II              | 0.65       | (1574, 2837, 34, 19)
III             | 0.63       | (1247, 2838, 52, 18)
IL              | 0.64       | (1773, 2808, 16, 49)
4               | 0.61       | (2649, 2827, 6, 15)
O               | 0.62       | (2558, 2827, 10, 15)
O               | 0.69       | (1072, 2813, 6, 8)
IO              | 0.68       | (1701, 2808, 34, 18)
LOOI            | 0.66       | (1611, 2806, 69, 20)
VI              | 0.65       | (1537, 2812, 34, 15)
I               | 0.64       | (1811, 2808, 13, 18)
I               | 0.69       | (1501, 2806, 16, 20)
X1O             | 0.69       | (1038, 2783, 31, 38)
O               | 0.64       | (1206, 2783, 11, 15)
D               | 0.75       | (1176, 2767, 7, 8)
3OU             | 0.69       | (1166, 2736, 27, 31)
1I              | 0.76       | (1397, 2727, 12, 43)
1               | 0.63       | (1353, 2755, 5, 15)
U               | 0.60       | (4802, 2739, 26, 21)
OO              | 0.66       | (1067, 2736, 34, 16)
1U              | 0.73       | (1040, 2713, 20, 15)
XX              | 0.69       | (2524, 2715, 37, 12)
LL              | 0.67       | (2686, 2699, 37, 11)
LLLL            | 0.66       | (2407, 2699, 85, 11)
B               | 0.62       | (1155, 2690, 13, 15)
I               | 0.68       | (2547, 2670, 14, 12)
4               | 0.84       | (2454, 2654, 15, 10)
O               | 0.61       | (1282, 2646, 10, 16)
O               | 0.63       | (1637, 2642, 10, 15)
U               | 0.69       | (1523, 2641, 12, 15)
O               | 0.73       | (4117, 2628, 6, 8)
D               | 0.70       | (3792, 2628, 7, 8)
D               | 0.70       | (4107, 2620, 7, 8)
O               | 0.72       | (3783, 2620, 6, 8)
O4I             | 0.68       | (2593, 2587, 38, 22)
O               | 0.64       | (1206, 2598, 11, 15)
BL24            | 0.73       | (2776, 2597, 61, 16)
O               | 0.65       | (2663, 2587, 14, 11)
O               | 0.66       | (2477, 2587, 15, 11)
O               | 0.71       | (2431, 2587, 15, 11)
D               | 0.73       | (1176, 2582, 7, 8)
I               | 0.62       | (4107, 2574, 10, 16)
I               | 0.62       | (3783, 2574, 10, 16)
O3U             | 0.69       | (1166, 2551, 27, 31)
3               | 0.64       | (4147, 2551, 10, 16)
3               | 0.65       | (3823, 2551, 10, 16)
LLLLILXNX       | 0.71       | (2422, 2526, 154, 32)
4               | 0.85       | (3912, 2541, 15, 11)
LL              | 0.67       | (2700, 2530, 38, 11)
L               | 0.62       | (4096, 2528, 6, 15)
1               | 0.65       | (3958, 2528, 5, 15)
4               | 0.63       | (3772, 2528, 6, 15)
N               | 0.67       | (2676, 2515, 15, 12)
LI              | 0.75       | (2514, 2493, 15, 25)
LO              | 0.62       | (3787, 2505, 21, 15)
O               | 0.64       | (1169, 2505, 11, 15)
I               | 0.72       | (2561, 2501, 15, 12)
O4              | 0.76       | (2445, 2484, 38, 11)
O               | 0.71       | (3225, 2466, 7, 8)
O               | 0.72       | (2067, 2466, 7, 8)
4               | 0.61       | (3837, 2458, 6, 15)
XI3OB           | 0.69       | (3192, 2412, 39, 54)
XIOOB           | 0.68       | (2034, 2412, 39, 54)
33              | 0.63       | (1374, 2456, 36, 16)
X               | 0.74       | (4052, 2437, 14, 12)
X4              | 0.73       | (3863, 2412, 21, 15)
O               | 0.66       | (2891, 2403, 10, 15)
ULUU            | 0.70       | (2844, 2333, 12, 85)
4               | 0.63       | (2319, 2403, 6, 15)
LLLL            | 0.68       | (2271, 2333, 12, 85)
LOO1QU          | 0.69       | (4096, 2343, 38, 61)
O               | 0.70       | (3052, 2389, 10, 15)
LLLL            | 0.68       | (3005, 2320, 12, 84)
4               | 0.78       | (2214, 2389, 11, 14)
L               | 0.60       | (2173, 2389, 6, 15)
LLLL            | 0.69       | (2125, 2320, 12, 84)
U               | 0.75       | (2069, 2370, 10, 11)
4               | 0.61       | (3193, 2366, 6, 15)
1               | 0.60       | (2036, 2366, 5, 15)
OWOF            | 0.69       | (3875, 2358, 45, 12)
L               | 0.64       | (2943, 2343, 6, 14)
4               | 0.65       | (2892, 2333, 6, 15)
O               | 0.71       | (2306, 2333, 10, 16)
4               | 0.64       | (3882, 2324, 6, 15)
L               | 0.61       | (3053, 2320, 6, 14)
LLL             | 0.62       | (2205, 2297, 17, 37)
IOIFL           | 0.66       | (3863, 2295, 63, 14)
B4              | 0.80       | (4096, 2296, 36, 16)
LUUU            | 0.70       | (2844, 2218, 12, 84)
J               | 0.62       | (2306, 2287, 10, 15)
ULULLULL        | 0.68       | (2271, 2125, 12, 177)
ULLLLLLL        | 0.68       | (3005, 2109, 12, 179)
OI              | 0.63       | (2930, 2274, 22, 14)
ULLLLLUL        | 0.69       | (2125, 2111, 12, 177)
LI              | 0.71       | (3903, 2264, 29, 15)
O               | 0.69       | (2215, 2250, 10, 15)
4               | 0.87       | (2890, 2241, 11, 15)
O               | 0.70       | (3225, 2235, 7, 8)
D               | 0.67       | (2067, 2235, 7, 8)
X4D             | 0.70       | (3192, 2204, 30, 38)
4               | 0.83       | (3051, 2227, 11, 15)
O               | 0.61       | (2930, 2227, 10, 15)
X1O             | 0.70       | (2034, 2204, 30, 38)
4               | 0.89       | (2306, 2218, 10, 15)
X               | 0.82       | (1342, 2213, 13, 15)
F               | 0.60       | (1302, 2213, 9, 15)
4               | 0.76       | (2160, 2204, 10, 14)
XUI             | 0.74       | (3984, 2203, 56, 16)
X               | 0.83       | (3776, 2203, 12, 15)
LLLL            | 0.68       | (2777, 2125, 12, 85)
2               | 0.62       | (2812, 2194, 10, 16)
O               | 0.68       | (2942, 2181, 10, 14)
O               | 0.62       | (2052, 2181, 10, 15)
D               | 0.63       | (697, 2175, 9, 12)
4               | 0.65       | (2892, 2171, 6, 15)
3               | 0.66       | (1387, 2171, 10, 16)
B1              | 0.64       | (3864, 2169, 22, 15)
4               | 0.89       | (1165, 2160, 11, 15)
4IO4            | 0.64       | (2214, 2087, 11, 85)
3               | 0.66       | (3244, 2157, 10, 16)
3               | 0.64       | (2086, 2157, 10, 16)
L               | 0.68       | (1537, 2155, 12, 15)
O               | 0.70       | (2824, 2148, 10, 16)
O               | 0.72       | (1072, 2142, 6, 8)
D               | 0.74       | (956, 2142, 6, 8)
U               | 0.71       | (2069, 2138, 10, 11)
O               | 0.64       | (3052, 2135, 10, 12)
4L4I            | 0.71       | (2930, 2087, 19, 62)
L               | 0.65       | (2162, 2135, 5, 14)
4               | 0.64       | (3193, 2134, 6, 15)
1               | 0.63       | (2036, 2134, 5, 15)
OXD1            | 0.73       | (1038, 2088, 31, 61)
O               | 0.71       | (946, 2134, 7, 8)
U               | 0.73       | (1342, 2123, 12, 15)
3               | 0.64       | (1432, 2113, 10, 16)
I               | 0.60       | (3207, 2111, 10, 15)
4               | 0.87       | (2049, 2111, 10, 15)
X               | 0.82       | (922, 2111, 13, 15)
L               | 0.68       | (1537, 2109, 12, 15)
UV              | 0.67       | (1208, 2079, 27, 15)
UO              | 0.65       | (1067, 2046, 16, 34)
L               | 0.64       | (941, 2065, 6, 15)
LB              | 0.68       | (2676, 2043, 15, 27)
LU              | 0.64       | (2514, 2029, 16, 26)
L               | 0.68       | (1598, 2042, 6, 12)
LLLL            | 0.68       | (1537, 1970, 12, 84)
1               | 0.66       | (1040, 2042, 6, 15)
O               | 0.64       | (1333, 2032, 13, 16)
O               | 0.73       | (2421, 2031, 17, 14)
U               | 0.76       | (2700, 2020, 15, 12)
L               | 0.60       | (1582, 2019, 13, 12)
O               | 0.70       | (949, 2018, 10, 16)
U               | 0.63       | (2653, 2016, 16, 11)
L               | 0.66       | (2537, 2015, 16, 12)
LLL             | 0.66       | (2445, 2015, 61, 12)
L               | 0.65       | (2422, 2003, 15, 11)
3               | 0.65       | (4100, 1995, 10, 16)
NL              | 0.70       | (4011, 1995, 39, 16)
1               | 0.62       | (1434, 1974, 5, 16)
O               | 0.69       | (1166, 1974, 10, 16)
IU              | 0.70       | (2676, 1957, 16, 26)
3O              | 0.65       | (2537, 1958, 16, 24)
L               | 0.65       | (2630, 1957, 15, 12)
3               | 0.63       | (3991, 1928, 10, 16)
O               | 0.60       | (888, 1924, 10, 15)
44O4I4O444      | 0.71       | (2570, 1906, 153, 23)
U               | 0.64       | (2547, 1907, 14, 10)
O4O             | 0.67       | (2431, 1906, 61, 11)
U4              | 0.61       | (2243, 1903, 22, 15)
4               | 0.63       | (3992, 1882, 6, 15)
J2              | 0.65       | (4025, 1856, 21, 16)
D               | 0.74       | (3109, 1841, 7, 8)
D               | 0.72       | (2947, 1841, 7, 8)
D               | 0.75       | (2831, 1841, 7, 8)
D               | 0.74       | (2368, 1841, 7, 8)
O               | 0.72       | (2253, 1841, 6, 8)
XOB             | 0.72       | (3076, 1810, 39, 31)
VBXD            | 0.70       | (2914, 1787, 42, 54)
XOB             | 0.73       | (2798, 1810, 39, 31)
X1OB            | 0.69       | (2335, 1810, 39, 38)
X1DB            | 0.73       | (2219, 1810, 39, 38)
I               | 0.61       | (1785, 1833, 10, 16)
IOO1IWFILI      | 0.69       | (1733, 1764, 69, 84)
I               | 0.61       | (1646, 1833, 10, 16)
1OQ1DU          | 0.67       | (1596, 1787, 37, 61)
ULLLLL          | 0.61       | (2406, 1828, 130, 11)
L               | 0.72       | (3497, 1826, 14, 14)
LIII            | 0.69       | (3261, 1795, 51, 45)
I               | 0.63       | (3605, 1825, 15, 15)
U               | 0.70       | (3568, 1825, 16, 15)
LI              | 0.64       | (3442, 1825, 33, 15)
IL              | 0.63       | (3387, 1825, 33, 15)
OO              | 0.67       | (1389, 1818, 34, 20)
I               | 0.64       | (1262, 1823, 16, 15)
UILIO           | 0.64       | (1163, 1789, 61, 54)
I               | 0.67       | (3532, 1822, 15, 18)
OVOIL           | 0.66       | (3169, 1765, 50, 75)
I               | 0.70       | (3334, 1820, 13, 20)
UIQ             | 0.70       | (1316, 1788, 34, 50)
OLOII           | 0.66       | (1435, 1789, 51, 54)
OI              | 0.64       | (1797, 1814, 20, 12)
L               | 0.60       | (3261, 1796, 14, 13)
IO              | 0.67       | (3586, 1792, 34, 18)
I               | 0.64       | (3423, 1795, 15, 15)
II              | 0.65       | (1255, 1788, 32, 20)
I               | 0.68       | (3459, 1792, 16, 18)
1Q              | 0.62       | (3094, 1764, 10, 38)
4Q              | 0.61       | (2816, 1764, 10, 38)
Q               | 0.60       | (2353, 1787, 10, 15)
Q               | 0.60       | (2237, 1787, 10, 15)
U               | 0.61       | (2478, 1770, 12, 10)
I               | 0.64       | (3659, 1765, 15, 15)
IU              | 0.62       | (3605, 1765, 33, 15)
I               | 0.64       | (3550, 1765, 15, 15)
IL              | 0.67       | (3423, 1761, 34, 19)
I               | 0.65       | (3296, 1765, 16, 15)
IO              | 0.67       | (3243, 1760, 33, 20)
1               | 0.66       | (2933, 1764, 6, 15)
O               | 0.63       | (2850, 1764, 11, 15)
O               | 0.60       | (2272, 1764, 10, 15)
L               | 0.69       | (3514, 1761, 15, 19)
I               | 0.61       | (3482, 1761, 6, 24)
II              | 0.67       | (3370, 1760, 32, 19)
U               | 0.69       | (3088, 1745, 9, 11)
U               | 0.65       | (2926, 1745, 9, 11)
L12             | 0.70       | (2810, 1717, 25, 39)
U               | 0.73       | (2371, 1745, 9, 11)
U               | 0.66       | (2255, 1745, 9, 11)
XUV             | 0.70       | (2614, 1728, 38, 26)
1               | 0.68       | (2221, 1741, 6, 15)
4               | 0.89       | (1748, 1741, 10, 15)
4               | 0.61       | (1622, 1741, 6, 15)
1               | 0.60       | (2236, 1718, 6, 15)
3               | 0.65       | (3103, 1717, 10, 16)
4               | 0.96       | (2940, 1717, 11, 16)
O2              | 0.63       | (1377, 1717, 21, 16)
21U             | 0.63       | (1269, 1717, 48, 16)
IU              | 0.76       | (1223, 1717, 26, 16)
III             | 0.64       | (3169, 1675, 34, 50)
I               | 0.61       | (3392, 1701, 6, 24)
I               | 0.65       | (3278, 1701, 16, 18)
4               | 0.77       | (3352, 1700, 12, 19)
4               | 0.80       | (3316, 1700, 12, 19)
U               | 0.75       | (3864, 1687, 15, 11)
II              | 0.64       | (3550, 1670, 33, 19)
IOIIILLI        | 0.66       | (3388, 1639, 123, 50)
L               | 0.63       | (3260, 1675, 16, 14)
II              | 0.65       | (3206, 1671, 33, 18)
II              | 0.67       | (3296, 1641, 16, 48)
O               | 0.63       | (3892, 1653, 11, 15)
4               | 0.61       | (3859, 1653, 6, 15)
4               | 0.72       | (1408, 1650, 11, 15)
3               | 0.64       | (1189, 1650, 10, 16)
Q1              | 0.70       | (3095, 1632, 9, 31)
O               | 0.62       | (1699, 1646, 10, 15)
I               | 0.65       | (3586, 1645, 16, 14)
L               | 0.66       | (3550, 1645, 16, 14)
I               | 0.64       | (3514, 1645, 15, 14)
OI              | 0.64       | (3332, 1645, 34, 20)
II              | 0.65       | (3241, 1639, 34, 20)
IO              | 0.64       | (3169, 1641, 34, 18)
41OD            | 0.79       | (3840, 1592, 29, 46)
OOU             | 0.69       | (3088, 1602, 27, 31)
O               | 0.60       | (1287, 1611, 11, 11)
1               | 0.70       | (2302, 1599, 6, 16)
33              | 0.64       | (2185, 1599, 35, 16)
B               | 0.63       | (3876, 1592, 13, 16)
L               | 0.66       | (3496, 1585, 15, 14)
IUI             | 0.65       | (3314, 1581, 52, 18)
L               | 0.66       | (3260, 1585, 15, 14)
OOU             | 0.69       | (4072, 1582, 33, 12)
I               | 0.67       | (3187, 1581, 16, 18)
I               | 0.70       | (3444, 1580, 11, 19)
3               | 0.65       | (2781, 1578, 10, 16)
3               | 0.64       | (2665, 1578, 10, 16)
133             | 0.68       | (2860, 1576, 55, 16)
4               | 0.62       | (2834, 1576, 6, 15)
D               | 0.73       | (2750, 1563, 7, 8)
O               | 0.71       | (2635, 1563, 6, 8)
B               | 0.63       | (3077, 1555, 13, 16)
O               | 0.73       | (2741, 1555, 6, 8)
D               | 0.73       | (2625, 1555, 7, 8)
O               | 0.60       | (1287, 1551, 11, 11)
IU              | 0.67       | (2729, 1532, 38, 16)
IBU             | 0.65       | (2613, 1509, 39, 39)
L               | 0.66       | (3700, 1532, 11, 15)
O               | 0.70       | (4501, 1509, 11, 13)
O               | 0.70       | (697, 1509, 10, 13)
LL              | 0.70       | (3236, 1507, 24, 15)
BO              | 0.63       | (3841, 1497, 25, 16)
4               | 0.63       | (1190, 1488, 6, 15)
Q               | 0.61       | (3128, 1486, 10, 15)
O1              | 0.68       | (3095, 1470, 9, 31)
4               | 0.62       | (2745, 1486, 6, 15)
1               | 0.60       | (2630, 1486, 5, 15)
IL              | 0.69       | (4095, 1463, 25, 15)
O               | 0.71       | (3088, 1463, 7, 8)
W               | 0.68       | (1253, 1453, 20, 16)
BI              | 0.67       | (3111, 1416, 16, 39)
2BI             | 0.64       | (3076, 1393, 25, 39)
IUO             | 0.75       | (1548, 1416, 37, 16)
LV              | 0.64       | (2614, 1346, 38, 14)
O3              | 0.64       | (3042, 1321, 35, 16)
13DOU           | 0.68       | (2105, 1231, 37, 39)
4               | 0.84       | (3729, 1231, 10, 15)
NU              | 0.67       | (3641, 1231, 38, 15)
1               | 0.65       | (2105, 1208, 6, 15)
Q               | 0.66       | (2119, 1185, 10, 15)
ILQII           | 0.67       | (2729, 1176, 86, 26)
LIU             | 0.67       | (2566, 1182, 50, 14)
IIILIL          | 0.68       | (2474, 1152, 71, 44)
I               | 0.63       | (2438, 1182, 15, 14)
O               | 0.67       | (2383, 1182, 16, 14)
II              | 0.62       | (2927, 1146, 16, 56)
LI              | 0.70       | (2691, 1152, 16, 44)
LIIIL           | 0.67       | (2818, 1148, 88, 48)
1               | 0.69       | (3807, 1164, 6, 15)
L               | 0.61       | (3945, 1162, 5, 14)
UL              | 0.70       | (3908, 1138, 12, 38)
LL              | 0.67       | (3399, 1138, 11, 38)
II              | 0.67       | (2747, 1146, 32, 20)
IO              | 0.64       | (2619, 1146, 34, 20)
O               | 0.68       | (2582, 1152, 16, 14)
UUIIIOOCCII     | 0.66       | (2329, 1116, 142, 50)
UUQ             | 0.66       | (2220, 1117, 33, 49)
I               | 0.70       | (2277, 1147, 11, 19)
1L11O141I111O11 | 0.68       | (3564, 933, 20, 223)
44              | 0.69       | (3435, 1138, 20, 15)
U               | 0.72       | (1986, 1138, 12, 15)
LIU             | 0.68       | (2856, 1121, 50, 15)
IIIL            | 0.67       | (2764, 1116, 69, 20)
III             | 0.68       | (2582, 1116, 52, 20)
OI              | 0.63       | (2673, 1116, 34, 20)
OII             | 0.65       | (2510, 1116, 51, 20)
4O              | 0.74       | (3805, 1095, 11, 39)
I               | 0.60       | (2950, 1118, 6, 23)
I               | 0.67       | (2728, 1118, 15, 18)
IL4             | 0.81       | (2150, 1115, 37, 16)
4OO1DU          | 0.71       | (1549, 1069, 38, 62)
LO              | 0.65       | (3945, 1093, 20, 14)
LLUL            | 0.70       | (3908, 1023, 12, 84)
11L4L           | 0.66       | (3435, 1022, 18, 85)
LLLL            | 0.67       | (3399, 1023, 11, 84)
DO3             | 0.63       | (2266, 1078, 42, 16)
HI              | 0.70       | (2192, 1078, 26, 16)
2               | 0.64       | (3794, 1071, 10, 16)
O               | 0.69       | (3805, 1048, 11, 16)
4               | 0.63       | (1549, 1046, 6, 15)
L               | 0.68       | (2468, 1037, 12, 15)
N               | 0.62       | (2426, 1037, 12, 15)
L               | 0.73       | (2181, 1037, 11, 15)
O11             | 0.64       | (2544, 1002, 18, 38)
L               | 0.62       | (1564, 1023, 6, 15)
4               | 0.65       | (3956, 1022, 6, 15)
LN              | 0.67       | (1811, 1021, 25, 15)
O               | 0.62       | (1761, 1021, 10, 15)
O               | 0.69       | (3806, 1002, 10, 16)
NO              | 0.61       | (2482, 990, 28, 16)
L               | 0.67       | (2181, 990, 11, 16)
L               | 0.69       | (3908, 977, 12, 14)
LLLL            | 0.67       | (3399, 907, 11, 84)
4               | 0.85       | (1639, 976, 10, 15)
L               | 0.64       | (1593, 976, 11, 15)
O               | 0.67       | (1133, 966, 16, 11)
D               | 0.74       | (2739, 961, 6, 8)
O               | 0.70       | (2044, 961, 7, 8)
O               | 0.63       | (3434, 954, 10, 14)
O               | 0.64       | (1947, 954, 11, 15)
X2O             | 0.73       | (2705, 930, 31, 39)
2XIDB           | 0.69       | (2011, 930, 39, 39)
D1              | 0.66       | (1914, 938, 10, 31)
43O333          | 0.67       | (3794, 863, 22, 85)
LU              | 0.66       | (4022, 907, 10, 36)
LL              | 0.69       | (3908, 907, 12, 36)
O               | 0.69       | (1907, 930, 7, 8)
I               | 0.60       | (1600, 930, 10, 16)
4D1D            | 0.73       | (1549, 907, 27, 38)
U               | 0.74       | (1919, 911, 15, 11)
U               | 0.75       | (1571, 888, 16, 11)
N               | 0.61       | (4102, 886, 15, 16)
O               | 0.69       | (3574, 886, 10, 16)
1               | 0.68       | (2053, 884, 6, 15)
4U              | 0.81       | (2705, 861, 33, 15)
O               | 0.70       | (3955, 861, 10, 13)
L               | 0.70       | (3908, 861, 12, 12)
LLLL            | 0.67       | (3399, 791, 11, 84)
4               | 0.84       | (2010, 861, 11, 15)
LI1             | 0.70       | (1762, 861, 32, 15)
4               | 0.61       | (1688, 861, 6, 15)
IILUO           | 0.69       | (1385, 838, 38, 38)
4               | 0.74       | (1193, 861, 11, 14)
O4O             | 0.74       | (1029, 861, 40, 15)
LH              | 0.68       | (2487, 851, 24, 16)
N               | 0.76       | (2201, 851, 12, 16)
U               | 0.67       | (4502, 844, 10, 13)
O               | 0.68       | (697, 844, 10, 13)
1               | 0.65       | (2545, 840, 6, 15)
O               | 0.69       | (2138, 840, 10, 16)
VLL             | 0.68       | (3947, 838, 53, 12)
4               | 0.75       | (3433, 838, 11, 14)
VL              | 0.64       | (1322, 815, 14, 35)
1               | 0.62       | (2028, 837, 5, 16)
O               | 0.65       | (3805, 817, 11, 15)
L               | 0.61       | (1252, 815, 12, 12)
UI              | 0.73       | (2484, 805, 26, 16)
N               | 0.67       | (2201, 805, 12, 15)
X               | 0.82       | (2422, 804, 15, 13)
X               | 0.80       | (2260, 804, 15, 13)
34              | 0.73       | (3573, 770, 11, 39)
1               | 0.64       | (1781, 794, 6, 15)
J1              | 0.67       | (1061, 791, 18, 16)
QLN             | 0.66       | (3917, 789, 50, 15)
43O3            | 0.68       | (3793, 724, 23, 62)
4               | 0.82       | (2248, 754, 16, 10)
L               | 0.62       | (3435, 745, 6, 15)
LL              | 0.67       | (3399, 722, 11, 38)
D               | 0.62       | (1458, 743, 12, 15)
4               | 0.62       | (3575, 724, 6, 15)
2U2             | 0.64       | (2312, 712, 33, 16)
J               | 0.63       | (3625, 689, 8, 16)
33              | 0.65       | (4014, 673, 35, 16)
O               | 0.60       | (3880, 673, 13, 16)
ID1             | 0.68       | (1339, 652, 34, 15)
1               | 0.63       | (2325, 641, 6, 15)
T               | 0.63       | (337, 498, 17, 26)
1               | 0.73       | (4118, 491, 5, 12)
3               | 0.74       | (2604, 491, 8, 13)
4               | 0.74       | (1847, 491, 9, 12)
5               | 0.75       | (1092, 491, 8, 13)
